{
 "cells": [
  {
   "cell_type": "code",
   "execution_count": 2,
   "metadata": {},
   "outputs": [
    {
     "name": "stdout",
     "output_type": "stream",
     "text": [
      "d:\\ANNACONDA\\projects\\interest_rate_prediction\\notebooks\\data_cleaning\\market_indicators\\..\\..\\..\\src\n"
     ]
    }
   ],
   "source": [
    "import pandas as pd\n",
    "import joblib\n",
    "from pathlib import Path\n",
    "import os\n",
    "import sys\n",
    "notebook_dir = os.path.dirname(os.path.abspath(''))\n",
    "src_path = os.path.join(notebook_dir, '..\\..\\..\\src')\n",
    "sys.path.append(src_path)\n",
    "print(src_path)"
   ]
  },
  {
   "cell_type": "code",
   "execution_count": 3,
   "metadata": {},
   "outputs": [
    {
     "data": {
      "text/plain": [
       "'d:\\\\ANNACONDA\\\\projects\\\\interest_rate_prediction\\\\notebooks\\\\data_cleaning\\\\market_indicators\\\\stock_market_indices'"
      ]
     },
     "execution_count": 3,
     "metadata": {},
     "output_type": "execute_result"
    }
   ],
   "source": [
    "os.getcwd()"
   ]
  },
  {
   "cell_type": "code",
   "execution_count": 4,
   "metadata": {},
   "outputs": [],
   "source": [
    "from config import CSV_DATA_PATH"
   ]
  },
  {
   "cell_type": "code",
   "execution_count": 5,
   "metadata": {},
   "outputs": [
    {
     "data": {
      "text/html": [
       "<div>\n",
       "<style scoped>\n",
       "    .dataframe tbody tr th:only-of-type {\n",
       "        vertical-align: middle;\n",
       "    }\n",
       "\n",
       "    .dataframe tbody tr th {\n",
       "        vertical-align: top;\n",
       "    }\n",
       "\n",
       "    .dataframe thead th {\n",
       "        text-align: right;\n",
       "    }\n",
       "</style>\n",
       "<table border=\"1\" class=\"dataframe\">\n",
       "  <thead>\n",
       "    <tr style=\"text-align: right;\">\n",
       "      <th></th>\n",
       "      <th>Date</th>\n",
       "      <th>Open</th>\n",
       "      <th>High</th>\n",
       "      <th>Low</th>\n",
       "      <th>Close</th>\n",
       "    </tr>\n",
       "  </thead>\n",
       "  <tbody>\n",
       "    <tr>\n",
       "      <th>0</th>\n",
       "      <td>06/12/2024</td>\n",
       "      <td>38,950.65</td>\n",
       "      <td>39,120.26</td>\n",
       "      <td>38,621.45</td>\n",
       "      <td>38,712.21</td>\n",
       "    </tr>\n",
       "    <tr>\n",
       "      <th>1</th>\n",
       "      <td>06/11/2024</td>\n",
       "      <td>38,795.71</td>\n",
       "      <td>38,795.71</td>\n",
       "      <td>38,446.24</td>\n",
       "      <td>38,747.42</td>\n",
       "    </tr>\n",
       "    <tr>\n",
       "      <th>2</th>\n",
       "      <td>06/10/2024</td>\n",
       "      <td>38,784.90</td>\n",
       "      <td>38,877.86</td>\n",
       "      <td>38,665.45</td>\n",
       "      <td>38,868.04</td>\n",
       "    </tr>\n",
       "    <tr>\n",
       "      <th>3</th>\n",
       "      <td>06/07/2024</td>\n",
       "      <td>38,861.24</td>\n",
       "      <td>39,105.23</td>\n",
       "      <td>38,751.85</td>\n",
       "      <td>38,798.99</td>\n",
       "    </tr>\n",
       "    <tr>\n",
       "      <th>4</th>\n",
       "      <td>06/06/2024</td>\n",
       "      <td>38,825.40</td>\n",
       "      <td>39,004.16</td>\n",
       "      <td>38,735.99</td>\n",
       "      <td>38,886.17</td>\n",
       "    </tr>\n",
       "    <tr>\n",
       "      <th>...</th>\n",
       "      <td>...</td>\n",
       "      <td>...</td>\n",
       "      <td>...</td>\n",
       "      <td>...</td>\n",
       "      <td>...</td>\n",
       "    </tr>\n",
       "    <tr>\n",
       "      <th>248</th>\n",
       "      <td>06/16/2023</td>\n",
       "      <td>34,464.02</td>\n",
       "      <td>34,588.68</td>\n",
       "      <td>34,285.69</td>\n",
       "      <td>34,299.12</td>\n",
       "    </tr>\n",
       "    <tr>\n",
       "      <th>249</th>\n",
       "      <td>06/15/2023</td>\n",
       "      <td>33,945.98</td>\n",
       "      <td>34,488.98</td>\n",
       "      <td>33,945.98</td>\n",
       "      <td>34,408.06</td>\n",
       "    </tr>\n",
       "    <tr>\n",
       "      <th>250</th>\n",
       "      <td>06/14/2023</td>\n",
       "      <td>34,044.70</td>\n",
       "      <td>34,151.42</td>\n",
       "      <td>33,783.55</td>\n",
       "      <td>33,979.33</td>\n",
       "    </tr>\n",
       "    <tr>\n",
       "      <th>251</th>\n",
       "      <td>06/13/2023</td>\n",
       "      <td>34,111.08</td>\n",
       "      <td>34,310.28</td>\n",
       "      <td>34,107.98</td>\n",
       "      <td>34,212.12</td>\n",
       "    </tr>\n",
       "    <tr>\n",
       "      <th>252</th>\n",
       "      <td>06/12/2023</td>\n",
       "      <td>33,906.80</td>\n",
       "      <td>34,077.84</td>\n",
       "      <td>33,878.46</td>\n",
       "      <td>34,066.33</td>\n",
       "    </tr>\n",
       "  </tbody>\n",
       "</table>\n",
       "<p>253 rows × 5 columns</p>\n",
       "</div>"
      ],
      "text/plain": [
       "           Date       Open       High        Low      Close\n",
       "0    06/12/2024  38,950.65  39,120.26  38,621.45  38,712.21\n",
       "1    06/11/2024  38,795.71  38,795.71  38,446.24  38,747.42\n",
       "2    06/10/2024  38,784.90  38,877.86  38,665.45  38,868.04\n",
       "3    06/07/2024  38,861.24  39,105.23  38,751.85  38,798.99\n",
       "4    06/06/2024  38,825.40  39,004.16  38,735.99  38,886.17\n",
       "..          ...        ...        ...        ...        ...\n",
       "248  06/16/2023  34,464.02  34,588.68  34,285.69  34,299.12\n",
       "249  06/15/2023  33,945.98  34,488.98  33,945.98  34,408.06\n",
       "250  06/14/2023  34,044.70  34,151.42  33,783.55  33,979.33\n",
       "251  06/13/2023  34,111.08  34,310.28  34,107.98  34,212.12\n",
       "252  06/12/2023  33,906.80  34,077.84  33,878.46  34,066.33\n",
       "\n",
       "[253 rows x 5 columns]"
      ]
     },
     "execution_count": 5,
     "metadata": {},
     "output_type": "execute_result"
    }
   ],
   "source": [
    "dow = pd.read_csv(f\"../../../{CSV_DATA_PATH}dow_jones.csv\")\n",
    "dow"
   ]
  },
  {
   "cell_type": "code",
   "execution_count": 6,
   "metadata": {},
   "outputs": [],
   "source": [
    "dow[\"Date\"] = pd.to_datetime(dow[\"Date\"], errors=\"coerce\", format=\"%m/%d/%Y\")\n",
    "dow[\"Year\"] = dow[\"Date\"].dt.year\n",
    "dow[\"Month\"] = dow[\"Date\"].dt.month\n",
    "dow[\"Day\"] = dow[\"Date\"].dt.day\n",
    "dow = dow.drop(\"Date\", axis=1)"
   ]
  },
  {
   "cell_type": "code",
   "execution_count": 7,
   "metadata": {},
   "outputs": [
    {
     "data": {
      "text/html": [
       "<div>\n",
       "<style scoped>\n",
       "    .dataframe tbody tr th:only-of-type {\n",
       "        vertical-align: middle;\n",
       "    }\n",
       "\n",
       "    .dataframe tbody tr th {\n",
       "        vertical-align: top;\n",
       "    }\n",
       "\n",
       "    .dataframe thead th {\n",
       "        text-align: right;\n",
       "    }\n",
       "</style>\n",
       "<table border=\"1\" class=\"dataframe\">\n",
       "  <thead>\n",
       "    <tr style=\"text-align: right;\">\n",
       "      <th></th>\n",
       "      <th>Open</th>\n",
       "      <th>High</th>\n",
       "      <th>Low</th>\n",
       "      <th>Close</th>\n",
       "      <th>Year</th>\n",
       "      <th>Month</th>\n",
       "      <th>Day</th>\n",
       "    </tr>\n",
       "  </thead>\n",
       "  <tbody>\n",
       "    <tr>\n",
       "      <th>0</th>\n",
       "      <td>38,950.65</td>\n",
       "      <td>39,120.26</td>\n",
       "      <td>38,621.45</td>\n",
       "      <td>38,712.21</td>\n",
       "      <td>2024</td>\n",
       "      <td>6</td>\n",
       "      <td>12</td>\n",
       "    </tr>\n",
       "    <tr>\n",
       "      <th>1</th>\n",
       "      <td>38,795.71</td>\n",
       "      <td>38,795.71</td>\n",
       "      <td>38,446.24</td>\n",
       "      <td>38,747.42</td>\n",
       "      <td>2024</td>\n",
       "      <td>6</td>\n",
       "      <td>11</td>\n",
       "    </tr>\n",
       "    <tr>\n",
       "      <th>2</th>\n",
       "      <td>38,784.90</td>\n",
       "      <td>38,877.86</td>\n",
       "      <td>38,665.45</td>\n",
       "      <td>38,868.04</td>\n",
       "      <td>2024</td>\n",
       "      <td>6</td>\n",
       "      <td>10</td>\n",
       "    </tr>\n",
       "    <tr>\n",
       "      <th>3</th>\n",
       "      <td>38,861.24</td>\n",
       "      <td>39,105.23</td>\n",
       "      <td>38,751.85</td>\n",
       "      <td>38,798.99</td>\n",
       "      <td>2024</td>\n",
       "      <td>6</td>\n",
       "      <td>7</td>\n",
       "    </tr>\n",
       "    <tr>\n",
       "      <th>4</th>\n",
       "      <td>38,825.40</td>\n",
       "      <td>39,004.16</td>\n",
       "      <td>38,735.99</td>\n",
       "      <td>38,886.17</td>\n",
       "      <td>2024</td>\n",
       "      <td>6</td>\n",
       "      <td>6</td>\n",
       "    </tr>\n",
       "    <tr>\n",
       "      <th>...</th>\n",
       "      <td>...</td>\n",
       "      <td>...</td>\n",
       "      <td>...</td>\n",
       "      <td>...</td>\n",
       "      <td>...</td>\n",
       "      <td>...</td>\n",
       "      <td>...</td>\n",
       "    </tr>\n",
       "    <tr>\n",
       "      <th>248</th>\n",
       "      <td>34,464.02</td>\n",
       "      <td>34,588.68</td>\n",
       "      <td>34,285.69</td>\n",
       "      <td>34,299.12</td>\n",
       "      <td>2023</td>\n",
       "      <td>6</td>\n",
       "      <td>16</td>\n",
       "    </tr>\n",
       "    <tr>\n",
       "      <th>249</th>\n",
       "      <td>33,945.98</td>\n",
       "      <td>34,488.98</td>\n",
       "      <td>33,945.98</td>\n",
       "      <td>34,408.06</td>\n",
       "      <td>2023</td>\n",
       "      <td>6</td>\n",
       "      <td>15</td>\n",
       "    </tr>\n",
       "    <tr>\n",
       "      <th>250</th>\n",
       "      <td>34,044.70</td>\n",
       "      <td>34,151.42</td>\n",
       "      <td>33,783.55</td>\n",
       "      <td>33,979.33</td>\n",
       "      <td>2023</td>\n",
       "      <td>6</td>\n",
       "      <td>14</td>\n",
       "    </tr>\n",
       "    <tr>\n",
       "      <th>251</th>\n",
       "      <td>34,111.08</td>\n",
       "      <td>34,310.28</td>\n",
       "      <td>34,107.98</td>\n",
       "      <td>34,212.12</td>\n",
       "      <td>2023</td>\n",
       "      <td>6</td>\n",
       "      <td>13</td>\n",
       "    </tr>\n",
       "    <tr>\n",
       "      <th>252</th>\n",
       "      <td>33,906.80</td>\n",
       "      <td>34,077.84</td>\n",
       "      <td>33,878.46</td>\n",
       "      <td>34,066.33</td>\n",
       "      <td>2023</td>\n",
       "      <td>6</td>\n",
       "      <td>12</td>\n",
       "    </tr>\n",
       "  </tbody>\n",
       "</table>\n",
       "<p>253 rows × 7 columns</p>\n",
       "</div>"
      ],
      "text/plain": [
       "          Open       High        Low      Close  Year  Month  Day\n",
       "0    38,950.65  39,120.26  38,621.45  38,712.21  2024      6   12\n",
       "1    38,795.71  38,795.71  38,446.24  38,747.42  2024      6   11\n",
       "2    38,784.90  38,877.86  38,665.45  38,868.04  2024      6   10\n",
       "3    38,861.24  39,105.23  38,751.85  38,798.99  2024      6    7\n",
       "4    38,825.40  39,004.16  38,735.99  38,886.17  2024      6    6\n",
       "..         ...        ...        ...        ...   ...    ...  ...\n",
       "248  34,464.02  34,588.68  34,285.69  34,299.12  2023      6   16\n",
       "249  33,945.98  34,488.98  33,945.98  34,408.06  2023      6   15\n",
       "250  34,044.70  34,151.42  33,783.55  33,979.33  2023      6   14\n",
       "251  34,111.08  34,310.28  34,107.98  34,212.12  2023      6   13\n",
       "252  33,906.80  34,077.84  33,878.46  34,066.33  2023      6   12\n",
       "\n",
       "[253 rows x 7 columns]"
      ]
     },
     "execution_count": 7,
     "metadata": {},
     "output_type": "execute_result"
    }
   ],
   "source": [
    "dow"
   ]
  },
  {
   "cell_type": "code",
   "execution_count": 8,
   "metadata": {},
   "outputs": [
    {
     "data": {
      "text/html": [
       "<div>\n",
       "<style scoped>\n",
       "    .dataframe tbody tr th:only-of-type {\n",
       "        vertical-align: middle;\n",
       "    }\n",
       "\n",
       "    .dataframe tbody tr th {\n",
       "        vertical-align: top;\n",
       "    }\n",
       "\n",
       "    .dataframe thead th {\n",
       "        text-align: right;\n",
       "    }\n",
       "</style>\n",
       "<table border=\"1\" class=\"dataframe\">\n",
       "  <thead>\n",
       "    <tr style=\"text-align: right;\">\n",
       "      <th></th>\n",
       "      <th>Open</th>\n",
       "      <th>High</th>\n",
       "      <th>Low</th>\n",
       "      <th>Close</th>\n",
       "      <th>Year</th>\n",
       "      <th>Month</th>\n",
       "      <th>Day</th>\n",
       "      <th>Quarter</th>\n",
       "    </tr>\n",
       "  </thead>\n",
       "  <tbody>\n",
       "    <tr>\n",
       "      <th>0</th>\n",
       "      <td>38,950.65</td>\n",
       "      <td>39,120.26</td>\n",
       "      <td>38,621.45</td>\n",
       "      <td>38,712.21</td>\n",
       "      <td>2024</td>\n",
       "      <td>6</td>\n",
       "      <td>12</td>\n",
       "      <td>Q2</td>\n",
       "    </tr>\n",
       "    <tr>\n",
       "      <th>1</th>\n",
       "      <td>38,795.71</td>\n",
       "      <td>38,795.71</td>\n",
       "      <td>38,446.24</td>\n",
       "      <td>38,747.42</td>\n",
       "      <td>2024</td>\n",
       "      <td>6</td>\n",
       "      <td>11</td>\n",
       "      <td>Q2</td>\n",
       "    </tr>\n",
       "    <tr>\n",
       "      <th>2</th>\n",
       "      <td>38,784.90</td>\n",
       "      <td>38,877.86</td>\n",
       "      <td>38,665.45</td>\n",
       "      <td>38,868.04</td>\n",
       "      <td>2024</td>\n",
       "      <td>6</td>\n",
       "      <td>10</td>\n",
       "      <td>Q2</td>\n",
       "    </tr>\n",
       "    <tr>\n",
       "      <th>3</th>\n",
       "      <td>38,861.24</td>\n",
       "      <td>39,105.23</td>\n",
       "      <td>38,751.85</td>\n",
       "      <td>38,798.99</td>\n",
       "      <td>2024</td>\n",
       "      <td>6</td>\n",
       "      <td>7</td>\n",
       "      <td>Q2</td>\n",
       "    </tr>\n",
       "    <tr>\n",
       "      <th>4</th>\n",
       "      <td>38,825.40</td>\n",
       "      <td>39,004.16</td>\n",
       "      <td>38,735.99</td>\n",
       "      <td>38,886.17</td>\n",
       "      <td>2024</td>\n",
       "      <td>6</td>\n",
       "      <td>6</td>\n",
       "      <td>Q2</td>\n",
       "    </tr>\n",
       "    <tr>\n",
       "      <th>...</th>\n",
       "      <td>...</td>\n",
       "      <td>...</td>\n",
       "      <td>...</td>\n",
       "      <td>...</td>\n",
       "      <td>...</td>\n",
       "      <td>...</td>\n",
       "      <td>...</td>\n",
       "      <td>...</td>\n",
       "    </tr>\n",
       "    <tr>\n",
       "      <th>248</th>\n",
       "      <td>34,464.02</td>\n",
       "      <td>34,588.68</td>\n",
       "      <td>34,285.69</td>\n",
       "      <td>34,299.12</td>\n",
       "      <td>2023</td>\n",
       "      <td>6</td>\n",
       "      <td>16</td>\n",
       "      <td>Q2</td>\n",
       "    </tr>\n",
       "    <tr>\n",
       "      <th>249</th>\n",
       "      <td>33,945.98</td>\n",
       "      <td>34,488.98</td>\n",
       "      <td>33,945.98</td>\n",
       "      <td>34,408.06</td>\n",
       "      <td>2023</td>\n",
       "      <td>6</td>\n",
       "      <td>15</td>\n",
       "      <td>Q2</td>\n",
       "    </tr>\n",
       "    <tr>\n",
       "      <th>250</th>\n",
       "      <td>34,044.70</td>\n",
       "      <td>34,151.42</td>\n",
       "      <td>33,783.55</td>\n",
       "      <td>33,979.33</td>\n",
       "      <td>2023</td>\n",
       "      <td>6</td>\n",
       "      <td>14</td>\n",
       "      <td>Q2</td>\n",
       "    </tr>\n",
       "    <tr>\n",
       "      <th>251</th>\n",
       "      <td>34,111.08</td>\n",
       "      <td>34,310.28</td>\n",
       "      <td>34,107.98</td>\n",
       "      <td>34,212.12</td>\n",
       "      <td>2023</td>\n",
       "      <td>6</td>\n",
       "      <td>13</td>\n",
       "      <td>Q2</td>\n",
       "    </tr>\n",
       "    <tr>\n",
       "      <th>252</th>\n",
       "      <td>33,906.80</td>\n",
       "      <td>34,077.84</td>\n",
       "      <td>33,878.46</td>\n",
       "      <td>34,066.33</td>\n",
       "      <td>2023</td>\n",
       "      <td>6</td>\n",
       "      <td>12</td>\n",
       "      <td>Q2</td>\n",
       "    </tr>\n",
       "  </tbody>\n",
       "</table>\n",
       "<p>253 rows × 8 columns</p>\n",
       "</div>"
      ],
      "text/plain": [
       "          Open       High        Low      Close  Year  Month  Day Quarter\n",
       "0    38,950.65  39,120.26  38,621.45  38,712.21  2024      6   12      Q2\n",
       "1    38,795.71  38,795.71  38,446.24  38,747.42  2024      6   11      Q2\n",
       "2    38,784.90  38,877.86  38,665.45  38,868.04  2024      6   10      Q2\n",
       "3    38,861.24  39,105.23  38,751.85  38,798.99  2024      6    7      Q2\n",
       "4    38,825.40  39,004.16  38,735.99  38,886.17  2024      6    6      Q2\n",
       "..         ...        ...        ...        ...   ...    ...  ...     ...\n",
       "248  34,464.02  34,588.68  34,285.69  34,299.12  2023      6   16      Q2\n",
       "249  33,945.98  34,488.98  33,945.98  34,408.06  2023      6   15      Q2\n",
       "250  34,044.70  34,151.42  33,783.55  33,979.33  2023      6   14      Q2\n",
       "251  34,111.08  34,310.28  34,107.98  34,212.12  2023      6   13      Q2\n",
       "252  33,906.80  34,077.84  33,878.46  34,066.33  2023      6   12      Q2\n",
       "\n",
       "[253 rows x 8 columns]"
      ]
     },
     "execution_count": 8,
     "metadata": {},
     "output_type": "execute_result"
    }
   ],
   "source": [
    "bins   = [0, 3, 6, 8, 12]\n",
    "labels = [\"Q1\", \"Q2\", \"Q3\", \"Q4\"]\n",
    "dow[\"Quarter\"] = pd.cut(dow[\"Month\"], bins=bins, labels=labels, right=True)\n",
    "dow"
   ]
  },
  {
   "cell_type": "code",
   "execution_count": 9,
   "metadata": {},
   "outputs": [
    {
     "data": {
      "text/plain": [
       "WindowsPath('d:/ANNACONDA/projects/interest_rate_prediction/notebooks/data_cleaning/market_indicators/stock_market_indices/../../../../data')"
      ]
     },
     "execution_count": 9,
     "metadata": {},
     "output_type": "execute_result"
    }
   ],
   "source": [
    "path = Path(Path.cwd()/\"../../../../data\")\n",
    "path"
   ]
  },
  {
   "cell_type": "code",
   "execution_count": 10,
   "metadata": {},
   "outputs": [],
   "source": [
    "data_folder = path/'parquet/dow_jones'\n",
    "data_folder.mkdir(parents=True, exist_ok=True)"
   ]
  },
  {
   "cell_type": "code",
   "execution_count": 11,
   "metadata": {},
   "outputs": [],
   "source": [
    "dow.to_parquet(data_folder/\"dow_jones.parquet\")"
   ]
  }
 ],
 "metadata": {
  "kernelspec": {
   "display_name": "tf",
   "language": "python",
   "name": "python3"
  },
  "language_info": {
   "codemirror_mode": {
    "name": "ipython",
    "version": 3
   },
   "file_extension": ".py",
   "mimetype": "text/x-python",
   "name": "python",
   "nbconvert_exporter": "python",
   "pygments_lexer": "ipython3",
   "version": "3.9.19"
  }
 },
 "nbformat": 4,
 "nbformat_minor": 2
}
