{
 "cells": [
  {
   "cell_type": "code",
   "execution_count": 1,
   "metadata": {},
   "outputs": [
    {
     "name": "stdout",
     "output_type": "stream",
     "text": [
      "d:\\ANNACONDA\\projects\\interest_rate_prediction\\notebooks\\data_cleaning\\market_indicators\\..\\..\\..\\src\n"
     ]
    }
   ],
   "source": [
    "import pandas as pd\n",
    "import joblib\n",
    "from pathlib import Path\n",
    "import os\n",
    "import sys\n",
    "notebook_dir = os.path.dirname(os.path.abspath(''))\n",
    "src_path = os.path.join(notebook_dir, '..\\..\\..\\src')\n",
    "sys.path.append(src_path)\n",
    "print(src_path)"
   ]
  },
  {
   "cell_type": "code",
   "execution_count": 2,
   "metadata": {},
   "outputs": [
    {
     "data": {
      "text/plain": [
       "'d:\\\\ANNACONDA\\\\projects\\\\interest_rate_prediction\\\\notebooks\\\\data_cleaning\\\\market_indicators\\\\stock_market_indices'"
      ]
     },
     "execution_count": 2,
     "metadata": {},
     "output_type": "execute_result"
    }
   ],
   "source": [
    "os.getcwd()"
   ]
  },
  {
   "cell_type": "code",
   "execution_count": 3,
   "metadata": {},
   "outputs": [],
   "source": [
    "from config import CSV_DATA_PATH"
   ]
  },
  {
   "cell_type": "code",
   "execution_count": 4,
   "metadata": {},
   "outputs": [
    {
     "data": {
      "text/html": [
       "<div>\n",
       "<style scoped>\n",
       "    .dataframe tbody tr th:only-of-type {\n",
       "        vertical-align: middle;\n",
       "    }\n",
       "\n",
       "    .dataframe tbody tr th {\n",
       "        vertical-align: top;\n",
       "    }\n",
       "\n",
       "    .dataframe thead th {\n",
       "        text-align: right;\n",
       "    }\n",
       "</style>\n",
       "<table border=\"1\" class=\"dataframe\">\n",
       "  <thead>\n",
       "    <tr style=\"text-align: right;\">\n",
       "      <th></th>\n",
       "      <th>Date</th>\n",
       "      <th>Close/Last</th>\n",
       "      <th>Open</th>\n",
       "      <th>High</th>\n",
       "      <th>Low</th>\n",
       "    </tr>\n",
       "  </thead>\n",
       "  <tbody>\n",
       "    <tr>\n",
       "      <th>0</th>\n",
       "      <td>06/12/2024</td>\n",
       "      <td>17608.44</td>\n",
       "      <td>17502.15</td>\n",
       "      <td>17725.39</td>\n",
       "      <td>17490.64</td>\n",
       "    </tr>\n",
       "    <tr>\n",
       "      <th>1</th>\n",
       "      <td>06/11/2024</td>\n",
       "      <td>17343.55</td>\n",
       "      <td>17160.42</td>\n",
       "      <td>17345.05</td>\n",
       "      <td>17107.99</td>\n",
       "    </tr>\n",
       "    <tr>\n",
       "      <th>2</th>\n",
       "      <td>06/10/2024</td>\n",
       "      <td>17192.53</td>\n",
       "      <td>17083.45</td>\n",
       "      <td>17213.45</td>\n",
       "      <td>17057.34</td>\n",
       "    </tr>\n",
       "    <tr>\n",
       "      <th>3</th>\n",
       "      <td>06/07/2024</td>\n",
       "      <td>17133.13</td>\n",
       "      <td>17124.14</td>\n",
       "      <td>17229.31</td>\n",
       "      <td>17090.04</td>\n",
       "    </tr>\n",
       "    <tr>\n",
       "      <th>4</th>\n",
       "      <td>06/06/2024</td>\n",
       "      <td>17173.12</td>\n",
       "      <td>17204.87</td>\n",
       "      <td>17235.73</td>\n",
       "      <td>17123.59</td>\n",
       "    </tr>\n",
       "    <tr>\n",
       "      <th>...</th>\n",
       "      <td>...</td>\n",
       "      <td>...</td>\n",
       "      <td>...</td>\n",
       "      <td>...</td>\n",
       "      <td>...</td>\n",
       "    </tr>\n",
       "    <tr>\n",
       "      <th>2525</th>\n",
       "      <td>06/19/2014</td>\n",
       "      <td>4359.33</td>\n",
       "      <td>4370.14</td>\n",
       "      <td>4372.18</td>\n",
       "      <td>4339.61</td>\n",
       "    </tr>\n",
       "    <tr>\n",
       "      <th>2526</th>\n",
       "      <td>06/18/2014</td>\n",
       "      <td>4362.84</td>\n",
       "      <td>4341.18</td>\n",
       "      <td>4365.10</td>\n",
       "      <td>4320.54</td>\n",
       "    </tr>\n",
       "    <tr>\n",
       "      <th>2527</th>\n",
       "      <td>06/17/2014</td>\n",
       "      <td>4337.23</td>\n",
       "      <td>4316.01</td>\n",
       "      <td>4346.12</td>\n",
       "      <td>4311.15</td>\n",
       "    </tr>\n",
       "    <tr>\n",
       "      <th>2528</th>\n",
       "      <td>06/16/2014</td>\n",
       "      <td>4321.11</td>\n",
       "      <td>4303.93</td>\n",
       "      <td>4326.89</td>\n",
       "      <td>4296.26</td>\n",
       "    </tr>\n",
       "    <tr>\n",
       "      <th>2529</th>\n",
       "      <td>06/13/2014</td>\n",
       "      <td>4310.65</td>\n",
       "      <td>4315.31</td>\n",
       "      <td>4317.67</td>\n",
       "      <td>4288.41</td>\n",
       "    </tr>\n",
       "  </tbody>\n",
       "</table>\n",
       "<p>2530 rows × 5 columns</p>\n",
       "</div>"
      ],
      "text/plain": [
       "            Date  Close/Last      Open      High       Low\n",
       "0     06/12/2024    17608.44  17502.15  17725.39  17490.64\n",
       "1     06/11/2024    17343.55  17160.42  17345.05  17107.99\n",
       "2     06/10/2024    17192.53  17083.45  17213.45  17057.34\n",
       "3     06/07/2024    17133.13  17124.14  17229.31  17090.04\n",
       "4     06/06/2024    17173.12  17204.87  17235.73  17123.59\n",
       "...          ...         ...       ...       ...       ...\n",
       "2525  06/19/2014     4359.33   4370.14   4372.18   4339.61\n",
       "2526  06/18/2014     4362.84   4341.18   4365.10   4320.54\n",
       "2527  06/17/2014     4337.23   4316.01   4346.12   4311.15\n",
       "2528  06/16/2014     4321.11   4303.93   4326.89   4296.26\n",
       "2529  06/13/2014     4310.65   4315.31   4317.67   4288.41\n",
       "\n",
       "[2530 rows x 5 columns]"
      ]
     },
     "execution_count": 4,
     "metadata": {},
     "output_type": "execute_result"
    }
   ],
   "source": [
    "nasdaq = pd.read_csv(f\"../../../{CSV_DATA_PATH}nasdaq.csv\")\n",
    "nasdaq"
   ]
  },
  {
   "cell_type": "code",
   "execution_count": 5,
   "metadata": {},
   "outputs": [],
   "source": [
    "nasdaq[\"Date\"] = pd.to_datetime(nasdaq[\"Date\"], errors=\"coerce\", format=\"%m/%d/%Y\")\n",
    "nasdaq[\"Year\"] = nasdaq[\"Date\"].dt.year\n",
    "nasdaq[\"Month\"] = nasdaq[\"Date\"].dt.month\n",
    "nasdaq[\"Day\"] = nasdaq[\"Date\"].dt.day\n",
    "nasdaq = nasdaq.drop(\"Date\", axis=1)"
   ]
  },
  {
   "cell_type": "code",
   "execution_count": 6,
   "metadata": {},
   "outputs": [
    {
     "data": {
      "text/html": [
       "<div>\n",
       "<style scoped>\n",
       "    .dataframe tbody tr th:only-of-type {\n",
       "        vertical-align: middle;\n",
       "    }\n",
       "\n",
       "    .dataframe tbody tr th {\n",
       "        vertical-align: top;\n",
       "    }\n",
       "\n",
       "    .dataframe thead th {\n",
       "        text-align: right;\n",
       "    }\n",
       "</style>\n",
       "<table border=\"1\" class=\"dataframe\">\n",
       "  <thead>\n",
       "    <tr style=\"text-align: right;\">\n",
       "      <th></th>\n",
       "      <th>Close/Last</th>\n",
       "      <th>Open</th>\n",
       "      <th>High</th>\n",
       "      <th>Low</th>\n",
       "      <th>Year</th>\n",
       "      <th>Month</th>\n",
       "      <th>Day</th>\n",
       "    </tr>\n",
       "  </thead>\n",
       "  <tbody>\n",
       "    <tr>\n",
       "      <th>0</th>\n",
       "      <td>17608.44</td>\n",
       "      <td>17502.15</td>\n",
       "      <td>17725.39</td>\n",
       "      <td>17490.64</td>\n",
       "      <td>2024</td>\n",
       "      <td>6</td>\n",
       "      <td>12</td>\n",
       "    </tr>\n",
       "    <tr>\n",
       "      <th>1</th>\n",
       "      <td>17343.55</td>\n",
       "      <td>17160.42</td>\n",
       "      <td>17345.05</td>\n",
       "      <td>17107.99</td>\n",
       "      <td>2024</td>\n",
       "      <td>6</td>\n",
       "      <td>11</td>\n",
       "    </tr>\n",
       "    <tr>\n",
       "      <th>2</th>\n",
       "      <td>17192.53</td>\n",
       "      <td>17083.45</td>\n",
       "      <td>17213.45</td>\n",
       "      <td>17057.34</td>\n",
       "      <td>2024</td>\n",
       "      <td>6</td>\n",
       "      <td>10</td>\n",
       "    </tr>\n",
       "    <tr>\n",
       "      <th>3</th>\n",
       "      <td>17133.13</td>\n",
       "      <td>17124.14</td>\n",
       "      <td>17229.31</td>\n",
       "      <td>17090.04</td>\n",
       "      <td>2024</td>\n",
       "      <td>6</td>\n",
       "      <td>7</td>\n",
       "    </tr>\n",
       "    <tr>\n",
       "      <th>4</th>\n",
       "      <td>17173.12</td>\n",
       "      <td>17204.87</td>\n",
       "      <td>17235.73</td>\n",
       "      <td>17123.59</td>\n",
       "      <td>2024</td>\n",
       "      <td>6</td>\n",
       "      <td>6</td>\n",
       "    </tr>\n",
       "    <tr>\n",
       "      <th>...</th>\n",
       "      <td>...</td>\n",
       "      <td>...</td>\n",
       "      <td>...</td>\n",
       "      <td>...</td>\n",
       "      <td>...</td>\n",
       "      <td>...</td>\n",
       "      <td>...</td>\n",
       "    </tr>\n",
       "    <tr>\n",
       "      <th>2525</th>\n",
       "      <td>4359.33</td>\n",
       "      <td>4370.14</td>\n",
       "      <td>4372.18</td>\n",
       "      <td>4339.61</td>\n",
       "      <td>2014</td>\n",
       "      <td>6</td>\n",
       "      <td>19</td>\n",
       "    </tr>\n",
       "    <tr>\n",
       "      <th>2526</th>\n",
       "      <td>4362.84</td>\n",
       "      <td>4341.18</td>\n",
       "      <td>4365.10</td>\n",
       "      <td>4320.54</td>\n",
       "      <td>2014</td>\n",
       "      <td>6</td>\n",
       "      <td>18</td>\n",
       "    </tr>\n",
       "    <tr>\n",
       "      <th>2527</th>\n",
       "      <td>4337.23</td>\n",
       "      <td>4316.01</td>\n",
       "      <td>4346.12</td>\n",
       "      <td>4311.15</td>\n",
       "      <td>2014</td>\n",
       "      <td>6</td>\n",
       "      <td>17</td>\n",
       "    </tr>\n",
       "    <tr>\n",
       "      <th>2528</th>\n",
       "      <td>4321.11</td>\n",
       "      <td>4303.93</td>\n",
       "      <td>4326.89</td>\n",
       "      <td>4296.26</td>\n",
       "      <td>2014</td>\n",
       "      <td>6</td>\n",
       "      <td>16</td>\n",
       "    </tr>\n",
       "    <tr>\n",
       "      <th>2529</th>\n",
       "      <td>4310.65</td>\n",
       "      <td>4315.31</td>\n",
       "      <td>4317.67</td>\n",
       "      <td>4288.41</td>\n",
       "      <td>2014</td>\n",
       "      <td>6</td>\n",
       "      <td>13</td>\n",
       "    </tr>\n",
       "  </tbody>\n",
       "</table>\n",
       "<p>2530 rows × 7 columns</p>\n",
       "</div>"
      ],
      "text/plain": [
       "      Close/Last      Open      High       Low  Year  Month  Day\n",
       "0       17608.44  17502.15  17725.39  17490.64  2024      6   12\n",
       "1       17343.55  17160.42  17345.05  17107.99  2024      6   11\n",
       "2       17192.53  17083.45  17213.45  17057.34  2024      6   10\n",
       "3       17133.13  17124.14  17229.31  17090.04  2024      6    7\n",
       "4       17173.12  17204.87  17235.73  17123.59  2024      6    6\n",
       "...          ...       ...       ...       ...   ...    ...  ...\n",
       "2525     4359.33   4370.14   4372.18   4339.61  2014      6   19\n",
       "2526     4362.84   4341.18   4365.10   4320.54  2014      6   18\n",
       "2527     4337.23   4316.01   4346.12   4311.15  2014      6   17\n",
       "2528     4321.11   4303.93   4326.89   4296.26  2014      6   16\n",
       "2529     4310.65   4315.31   4317.67   4288.41  2014      6   13\n",
       "\n",
       "[2530 rows x 7 columns]"
      ]
     },
     "execution_count": 6,
     "metadata": {},
     "output_type": "execute_result"
    }
   ],
   "source": [
    "nasdaq"
   ]
  },
  {
   "cell_type": "code",
   "execution_count": 7,
   "metadata": {},
   "outputs": [
    {
     "data": {
      "text/html": [
       "<div>\n",
       "<style scoped>\n",
       "    .dataframe tbody tr th:only-of-type {\n",
       "        vertical-align: middle;\n",
       "    }\n",
       "\n",
       "    .dataframe tbody tr th {\n",
       "        vertical-align: top;\n",
       "    }\n",
       "\n",
       "    .dataframe thead th {\n",
       "        text-align: right;\n",
       "    }\n",
       "</style>\n",
       "<table border=\"1\" class=\"dataframe\">\n",
       "  <thead>\n",
       "    <tr style=\"text-align: right;\">\n",
       "      <th></th>\n",
       "      <th>Close/Last</th>\n",
       "      <th>Open</th>\n",
       "      <th>High</th>\n",
       "      <th>Low</th>\n",
       "      <th>Year</th>\n",
       "      <th>Month</th>\n",
       "      <th>Day</th>\n",
       "      <th>Quarter</th>\n",
       "    </tr>\n",
       "  </thead>\n",
       "  <tbody>\n",
       "    <tr>\n",
       "      <th>0</th>\n",
       "      <td>17608.44</td>\n",
       "      <td>17502.15</td>\n",
       "      <td>17725.39</td>\n",
       "      <td>17490.64</td>\n",
       "      <td>2024</td>\n",
       "      <td>6</td>\n",
       "      <td>12</td>\n",
       "      <td>Q2</td>\n",
       "    </tr>\n",
       "    <tr>\n",
       "      <th>1</th>\n",
       "      <td>17343.55</td>\n",
       "      <td>17160.42</td>\n",
       "      <td>17345.05</td>\n",
       "      <td>17107.99</td>\n",
       "      <td>2024</td>\n",
       "      <td>6</td>\n",
       "      <td>11</td>\n",
       "      <td>Q2</td>\n",
       "    </tr>\n",
       "    <tr>\n",
       "      <th>2</th>\n",
       "      <td>17192.53</td>\n",
       "      <td>17083.45</td>\n",
       "      <td>17213.45</td>\n",
       "      <td>17057.34</td>\n",
       "      <td>2024</td>\n",
       "      <td>6</td>\n",
       "      <td>10</td>\n",
       "      <td>Q2</td>\n",
       "    </tr>\n",
       "    <tr>\n",
       "      <th>3</th>\n",
       "      <td>17133.13</td>\n",
       "      <td>17124.14</td>\n",
       "      <td>17229.31</td>\n",
       "      <td>17090.04</td>\n",
       "      <td>2024</td>\n",
       "      <td>6</td>\n",
       "      <td>7</td>\n",
       "      <td>Q2</td>\n",
       "    </tr>\n",
       "    <tr>\n",
       "      <th>4</th>\n",
       "      <td>17173.12</td>\n",
       "      <td>17204.87</td>\n",
       "      <td>17235.73</td>\n",
       "      <td>17123.59</td>\n",
       "      <td>2024</td>\n",
       "      <td>6</td>\n",
       "      <td>6</td>\n",
       "      <td>Q2</td>\n",
       "    </tr>\n",
       "    <tr>\n",
       "      <th>...</th>\n",
       "      <td>...</td>\n",
       "      <td>...</td>\n",
       "      <td>...</td>\n",
       "      <td>...</td>\n",
       "      <td>...</td>\n",
       "      <td>...</td>\n",
       "      <td>...</td>\n",
       "      <td>...</td>\n",
       "    </tr>\n",
       "    <tr>\n",
       "      <th>2525</th>\n",
       "      <td>4359.33</td>\n",
       "      <td>4370.14</td>\n",
       "      <td>4372.18</td>\n",
       "      <td>4339.61</td>\n",
       "      <td>2014</td>\n",
       "      <td>6</td>\n",
       "      <td>19</td>\n",
       "      <td>Q2</td>\n",
       "    </tr>\n",
       "    <tr>\n",
       "      <th>2526</th>\n",
       "      <td>4362.84</td>\n",
       "      <td>4341.18</td>\n",
       "      <td>4365.10</td>\n",
       "      <td>4320.54</td>\n",
       "      <td>2014</td>\n",
       "      <td>6</td>\n",
       "      <td>18</td>\n",
       "      <td>Q2</td>\n",
       "    </tr>\n",
       "    <tr>\n",
       "      <th>2527</th>\n",
       "      <td>4337.23</td>\n",
       "      <td>4316.01</td>\n",
       "      <td>4346.12</td>\n",
       "      <td>4311.15</td>\n",
       "      <td>2014</td>\n",
       "      <td>6</td>\n",
       "      <td>17</td>\n",
       "      <td>Q2</td>\n",
       "    </tr>\n",
       "    <tr>\n",
       "      <th>2528</th>\n",
       "      <td>4321.11</td>\n",
       "      <td>4303.93</td>\n",
       "      <td>4326.89</td>\n",
       "      <td>4296.26</td>\n",
       "      <td>2014</td>\n",
       "      <td>6</td>\n",
       "      <td>16</td>\n",
       "      <td>Q2</td>\n",
       "    </tr>\n",
       "    <tr>\n",
       "      <th>2529</th>\n",
       "      <td>4310.65</td>\n",
       "      <td>4315.31</td>\n",
       "      <td>4317.67</td>\n",
       "      <td>4288.41</td>\n",
       "      <td>2014</td>\n",
       "      <td>6</td>\n",
       "      <td>13</td>\n",
       "      <td>Q2</td>\n",
       "    </tr>\n",
       "  </tbody>\n",
       "</table>\n",
       "<p>2530 rows × 8 columns</p>\n",
       "</div>"
      ],
      "text/plain": [
       "      Close/Last      Open      High       Low  Year  Month  Day Quarter\n",
       "0       17608.44  17502.15  17725.39  17490.64  2024      6   12      Q2\n",
       "1       17343.55  17160.42  17345.05  17107.99  2024      6   11      Q2\n",
       "2       17192.53  17083.45  17213.45  17057.34  2024      6   10      Q2\n",
       "3       17133.13  17124.14  17229.31  17090.04  2024      6    7      Q2\n",
       "4       17173.12  17204.87  17235.73  17123.59  2024      6    6      Q2\n",
       "...          ...       ...       ...       ...   ...    ...  ...     ...\n",
       "2525     4359.33   4370.14   4372.18   4339.61  2014      6   19      Q2\n",
       "2526     4362.84   4341.18   4365.10   4320.54  2014      6   18      Q2\n",
       "2527     4337.23   4316.01   4346.12   4311.15  2014      6   17      Q2\n",
       "2528     4321.11   4303.93   4326.89   4296.26  2014      6   16      Q2\n",
       "2529     4310.65   4315.31   4317.67   4288.41  2014      6   13      Q2\n",
       "\n",
       "[2530 rows x 8 columns]"
      ]
     },
     "execution_count": 7,
     "metadata": {},
     "output_type": "execute_result"
    }
   ],
   "source": [
    "bins   = [0, 3, 6, 8, 12]\n",
    "labels = [\"Q1\", \"Q2\", \"Q3\", \"Q4\"]\n",
    "nasdaq[\"Quarter\"] = pd.cut(nasdaq[\"Month\"], bins=bins, labels=labels, right=True)\n",
    "nasdaq"
   ]
  },
  {
   "cell_type": "code",
   "execution_count": 8,
   "metadata": {},
   "outputs": [
    {
     "data": {
      "text/plain": [
       "WindowsPath('d:/ANNACONDA/projects/interest_rate_prediction/notebooks/data_cleaning/market_indicators/stock_market_indices/../../../../data')"
      ]
     },
     "execution_count": 8,
     "metadata": {},
     "output_type": "execute_result"
    }
   ],
   "source": [
    "path = Path(Path.cwd()/\"../../../../data\")\n",
    "path"
   ]
  },
  {
   "cell_type": "code",
   "execution_count": 9,
   "metadata": {},
   "outputs": [],
   "source": [
    "data_folder = path/'parquet/nasdaq'\n",
    "data_folder.mkdir(parents=True, exist_ok=True)"
   ]
  },
  {
   "cell_type": "code",
   "execution_count": 10,
   "metadata": {},
   "outputs": [],
   "source": [
    "nasdaq.to_parquet(data_folder/\"nasdaq.parquet\")"
   ]
  }
 ],
 "metadata": {
  "kernelspec": {
   "display_name": "tf",
   "language": "python",
   "name": "python3"
  },
  "language_info": {
   "codemirror_mode": {
    "name": "ipython",
    "version": 3
   },
   "file_extension": ".py",
   "mimetype": "text/x-python",
   "name": "python",
   "nbconvert_exporter": "python",
   "pygments_lexer": "ipython3",
   "version": "3.9.19"
  }
 },
 "nbformat": 4,
 "nbformat_minor": 2
}
