{
 "cells": [
  {
   "cell_type": "code",
   "execution_count": 1,
   "metadata": {},
   "outputs": [
    {
     "name": "stdout",
     "output_type": "stream",
     "text": [
      "d:\\ANNACONDA\\projects\\interest_rate_prediction\\notebooks\\data_cleaning\\market_indicators\\..\\..\\..\\src\n"
     ]
    }
   ],
   "source": [
    "import pandas as pd\n",
    "import joblib\n",
    "from pathlib import Path\n",
    "import os\n",
    "import sys\n",
    "notebook_dir = os.path.dirname(os.path.abspath(''))\n",
    "src_path = os.path.join(notebook_dir, '..\\..\\..\\src')\n",
    "sys.path.append(src_path)\n",
    "print(src_path)"
   ]
  },
  {
   "cell_type": "code",
   "execution_count": 2,
   "metadata": {},
   "outputs": [
    {
     "data": {
      "text/plain": [
       "'d:\\\\ANNACONDA\\\\projects\\\\interest_rate_prediction\\\\notebooks\\\\data_cleaning\\\\market_indicators\\\\stock_market_indices'"
      ]
     },
     "execution_count": 2,
     "metadata": {},
     "output_type": "execute_result"
    }
   ],
   "source": [
    "os.getcwd()"
   ]
  },
  {
   "cell_type": "code",
   "execution_count": 3,
   "metadata": {},
   "outputs": [],
   "source": [
    "from config import CSV_DATA_PATH"
   ]
  },
  {
   "cell_type": "code",
   "execution_count": 4,
   "metadata": {},
   "outputs": [
    {
     "data": {
      "text/html": [
       "<div>\n",
       "<style scoped>\n",
       "    .dataframe tbody tr th:only-of-type {\n",
       "        vertical-align: middle;\n",
       "    }\n",
       "\n",
       "    .dataframe tbody tr th {\n",
       "        vertical-align: top;\n",
       "    }\n",
       "\n",
       "    .dataframe thead th {\n",
       "        text-align: right;\n",
       "    }\n",
       "</style>\n",
       "<table border=\"1\" class=\"dataframe\">\n",
       "  <thead>\n",
       "    <tr style=\"text-align: right;\">\n",
       "      <th></th>\n",
       "      <th>Date</th>\n",
       "      <th>Open</th>\n",
       "      <th>High</th>\n",
       "      <th>Low</th>\n",
       "      <th>Close</th>\n",
       "    </tr>\n",
       "  </thead>\n",
       "  <tbody>\n",
       "    <tr>\n",
       "      <th>0</th>\n",
       "      <td>06/12/2024</td>\n",
       "      <td>5,409.13</td>\n",
       "      <td>5,447.25</td>\n",
       "      <td>5,409.13</td>\n",
       "      <td>5,421.03</td>\n",
       "    </tr>\n",
       "    <tr>\n",
       "      <th>1</th>\n",
       "      <td>06/11/2024</td>\n",
       "      <td>5,353.00</td>\n",
       "      <td>5,375.95</td>\n",
       "      <td>5,327.25</td>\n",
       "      <td>5,375.32</td>\n",
       "    </tr>\n",
       "    <tr>\n",
       "      <th>2</th>\n",
       "      <td>06/10/2024</td>\n",
       "      <td>5,341.22</td>\n",
       "      <td>5,365.79</td>\n",
       "      <td>5,331.52</td>\n",
       "      <td>5,360.79</td>\n",
       "    </tr>\n",
       "    <tr>\n",
       "      <th>3</th>\n",
       "      <td>06/07/2024</td>\n",
       "      <td>5,343.81</td>\n",
       "      <td>5,375.08</td>\n",
       "      <td>5,331.33</td>\n",
       "      <td>5,346.99</td>\n",
       "    </tr>\n",
       "    <tr>\n",
       "      <th>4</th>\n",
       "      <td>06/06/2024</td>\n",
       "      <td>5,357.80</td>\n",
       "      <td>5,362.35</td>\n",
       "      <td>5,335.36</td>\n",
       "      <td>5,352.96</td>\n",
       "    </tr>\n",
       "    <tr>\n",
       "      <th>...</th>\n",
       "      <td>...</td>\n",
       "      <td>...</td>\n",
       "      <td>...</td>\n",
       "      <td>...</td>\n",
       "      <td>...</td>\n",
       "    </tr>\n",
       "    <tr>\n",
       "      <th>248</th>\n",
       "      <td>06/16/2023</td>\n",
       "      <td>4,442.70</td>\n",
       "      <td>4,448.47</td>\n",
       "      <td>4,407.44</td>\n",
       "      <td>4,409.59</td>\n",
       "    </tr>\n",
       "    <tr>\n",
       "      <th>249</th>\n",
       "      <td>06/15/2023</td>\n",
       "      <td>4,365.33</td>\n",
       "      <td>4,439.20</td>\n",
       "      <td>4,362.60</td>\n",
       "      <td>4,425.84</td>\n",
       "    </tr>\n",
       "    <tr>\n",
       "      <th>250</th>\n",
       "      <td>06/14/2023</td>\n",
       "      <td>4,366.29</td>\n",
       "      <td>4,391.82</td>\n",
       "      <td>4,337.85</td>\n",
       "      <td>4,372.59</td>\n",
       "    </tr>\n",
       "    <tr>\n",
       "      <th>251</th>\n",
       "      <td>06/13/2023</td>\n",
       "      <td>4,352.61</td>\n",
       "      <td>4,375.37</td>\n",
       "      <td>4,349.31</td>\n",
       "      <td>4,369.01</td>\n",
       "    </tr>\n",
       "    <tr>\n",
       "      <th>252</th>\n",
       "      <td>06/12/2023</td>\n",
       "      <td>4,308.32</td>\n",
       "      <td>4,340.13</td>\n",
       "      <td>4,304.37</td>\n",
       "      <td>4,338.93</td>\n",
       "    </tr>\n",
       "  </tbody>\n",
       "</table>\n",
       "<p>253 rows × 5 columns</p>\n",
       "</div>"
      ],
      "text/plain": [
       "           Date      Open      High       Low     Close\n",
       "0    06/12/2024  5,409.13  5,447.25  5,409.13  5,421.03\n",
       "1    06/11/2024  5,353.00  5,375.95  5,327.25  5,375.32\n",
       "2    06/10/2024  5,341.22  5,365.79  5,331.52  5,360.79\n",
       "3    06/07/2024  5,343.81  5,375.08  5,331.33  5,346.99\n",
       "4    06/06/2024  5,357.80  5,362.35  5,335.36  5,352.96\n",
       "..          ...       ...       ...       ...       ...\n",
       "248  06/16/2023  4,442.70  4,448.47  4,407.44  4,409.59\n",
       "249  06/15/2023  4,365.33  4,439.20  4,362.60  4,425.84\n",
       "250  06/14/2023  4,366.29  4,391.82  4,337.85  4,372.59\n",
       "251  06/13/2023  4,352.61  4,375.37  4,349.31  4,369.01\n",
       "252  06/12/2023  4,308.32  4,340.13  4,304.37  4,338.93\n",
       "\n",
       "[253 rows x 5 columns]"
      ]
     },
     "execution_count": 4,
     "metadata": {},
     "output_type": "execute_result"
    }
   ],
   "source": [
    "sp500 = pd.read_csv(f\"../../../{CSV_DATA_PATH}sp500.csv\")\n",
    "sp500"
   ]
  },
  {
   "cell_type": "code",
   "execution_count": 5,
   "metadata": {},
   "outputs": [],
   "source": [
    "sp500[\"Date\"] = pd.to_datetime(sp500[\"Date\"], errors=\"coerce\", format=\"%m/%d/%Y\")\n",
    "sp500[\"Year\"] = sp500[\"Date\"].dt.year\n",
    "sp500[\"Month\"] = sp500[\"Date\"].dt.month\n",
    "sp500[\"Day\"] = sp500[\"Date\"].dt.day\n",
    "sp500 = sp500.drop(\"Date\", axis=1)"
   ]
  },
  {
   "cell_type": "code",
   "execution_count": 6,
   "metadata": {},
   "outputs": [
    {
     "data": {
      "text/html": [
       "<div>\n",
       "<style scoped>\n",
       "    .dataframe tbody tr th:only-of-type {\n",
       "        vertical-align: middle;\n",
       "    }\n",
       "\n",
       "    .dataframe tbody tr th {\n",
       "        vertical-align: top;\n",
       "    }\n",
       "\n",
       "    .dataframe thead th {\n",
       "        text-align: right;\n",
       "    }\n",
       "</style>\n",
       "<table border=\"1\" class=\"dataframe\">\n",
       "  <thead>\n",
       "    <tr style=\"text-align: right;\">\n",
       "      <th></th>\n",
       "      <th>Open</th>\n",
       "      <th>High</th>\n",
       "      <th>Low</th>\n",
       "      <th>Close</th>\n",
       "      <th>Year</th>\n",
       "      <th>Month</th>\n",
       "      <th>Day</th>\n",
       "    </tr>\n",
       "  </thead>\n",
       "  <tbody>\n",
       "    <tr>\n",
       "      <th>0</th>\n",
       "      <td>5,409.13</td>\n",
       "      <td>5,447.25</td>\n",
       "      <td>5,409.13</td>\n",
       "      <td>5,421.03</td>\n",
       "      <td>2024</td>\n",
       "      <td>6</td>\n",
       "      <td>12</td>\n",
       "    </tr>\n",
       "    <tr>\n",
       "      <th>1</th>\n",
       "      <td>5,353.00</td>\n",
       "      <td>5,375.95</td>\n",
       "      <td>5,327.25</td>\n",
       "      <td>5,375.32</td>\n",
       "      <td>2024</td>\n",
       "      <td>6</td>\n",
       "      <td>11</td>\n",
       "    </tr>\n",
       "    <tr>\n",
       "      <th>2</th>\n",
       "      <td>5,341.22</td>\n",
       "      <td>5,365.79</td>\n",
       "      <td>5,331.52</td>\n",
       "      <td>5,360.79</td>\n",
       "      <td>2024</td>\n",
       "      <td>6</td>\n",
       "      <td>10</td>\n",
       "    </tr>\n",
       "    <tr>\n",
       "      <th>3</th>\n",
       "      <td>5,343.81</td>\n",
       "      <td>5,375.08</td>\n",
       "      <td>5,331.33</td>\n",
       "      <td>5,346.99</td>\n",
       "      <td>2024</td>\n",
       "      <td>6</td>\n",
       "      <td>7</td>\n",
       "    </tr>\n",
       "    <tr>\n",
       "      <th>4</th>\n",
       "      <td>5,357.80</td>\n",
       "      <td>5,362.35</td>\n",
       "      <td>5,335.36</td>\n",
       "      <td>5,352.96</td>\n",
       "      <td>2024</td>\n",
       "      <td>6</td>\n",
       "      <td>6</td>\n",
       "    </tr>\n",
       "    <tr>\n",
       "      <th>...</th>\n",
       "      <td>...</td>\n",
       "      <td>...</td>\n",
       "      <td>...</td>\n",
       "      <td>...</td>\n",
       "      <td>...</td>\n",
       "      <td>...</td>\n",
       "      <td>...</td>\n",
       "    </tr>\n",
       "    <tr>\n",
       "      <th>248</th>\n",
       "      <td>4,442.70</td>\n",
       "      <td>4,448.47</td>\n",
       "      <td>4,407.44</td>\n",
       "      <td>4,409.59</td>\n",
       "      <td>2023</td>\n",
       "      <td>6</td>\n",
       "      <td>16</td>\n",
       "    </tr>\n",
       "    <tr>\n",
       "      <th>249</th>\n",
       "      <td>4,365.33</td>\n",
       "      <td>4,439.20</td>\n",
       "      <td>4,362.60</td>\n",
       "      <td>4,425.84</td>\n",
       "      <td>2023</td>\n",
       "      <td>6</td>\n",
       "      <td>15</td>\n",
       "    </tr>\n",
       "    <tr>\n",
       "      <th>250</th>\n",
       "      <td>4,366.29</td>\n",
       "      <td>4,391.82</td>\n",
       "      <td>4,337.85</td>\n",
       "      <td>4,372.59</td>\n",
       "      <td>2023</td>\n",
       "      <td>6</td>\n",
       "      <td>14</td>\n",
       "    </tr>\n",
       "    <tr>\n",
       "      <th>251</th>\n",
       "      <td>4,352.61</td>\n",
       "      <td>4,375.37</td>\n",
       "      <td>4,349.31</td>\n",
       "      <td>4,369.01</td>\n",
       "      <td>2023</td>\n",
       "      <td>6</td>\n",
       "      <td>13</td>\n",
       "    </tr>\n",
       "    <tr>\n",
       "      <th>252</th>\n",
       "      <td>4,308.32</td>\n",
       "      <td>4,340.13</td>\n",
       "      <td>4,304.37</td>\n",
       "      <td>4,338.93</td>\n",
       "      <td>2023</td>\n",
       "      <td>6</td>\n",
       "      <td>12</td>\n",
       "    </tr>\n",
       "  </tbody>\n",
       "</table>\n",
       "<p>253 rows × 7 columns</p>\n",
       "</div>"
      ],
      "text/plain": [
       "         Open      High       Low     Close  Year  Month  Day\n",
       "0    5,409.13  5,447.25  5,409.13  5,421.03  2024      6   12\n",
       "1    5,353.00  5,375.95  5,327.25  5,375.32  2024      6   11\n",
       "2    5,341.22  5,365.79  5,331.52  5,360.79  2024      6   10\n",
       "3    5,343.81  5,375.08  5,331.33  5,346.99  2024      6    7\n",
       "4    5,357.80  5,362.35  5,335.36  5,352.96  2024      6    6\n",
       "..        ...       ...       ...       ...   ...    ...  ...\n",
       "248  4,442.70  4,448.47  4,407.44  4,409.59  2023      6   16\n",
       "249  4,365.33  4,439.20  4,362.60  4,425.84  2023      6   15\n",
       "250  4,366.29  4,391.82  4,337.85  4,372.59  2023      6   14\n",
       "251  4,352.61  4,375.37  4,349.31  4,369.01  2023      6   13\n",
       "252  4,308.32  4,340.13  4,304.37  4,338.93  2023      6   12\n",
       "\n",
       "[253 rows x 7 columns]"
      ]
     },
     "execution_count": 6,
     "metadata": {},
     "output_type": "execute_result"
    }
   ],
   "source": [
    "sp500"
   ]
  },
  {
   "cell_type": "code",
   "execution_count": 7,
   "metadata": {},
   "outputs": [
    {
     "data": {
      "text/html": [
       "<div>\n",
       "<style scoped>\n",
       "    .dataframe tbody tr th:only-of-type {\n",
       "        vertical-align: middle;\n",
       "    }\n",
       "\n",
       "    .dataframe tbody tr th {\n",
       "        vertical-align: top;\n",
       "    }\n",
       "\n",
       "    .dataframe thead th {\n",
       "        text-align: right;\n",
       "    }\n",
       "</style>\n",
       "<table border=\"1\" class=\"dataframe\">\n",
       "  <thead>\n",
       "    <tr style=\"text-align: right;\">\n",
       "      <th></th>\n",
       "      <th>Open</th>\n",
       "      <th>High</th>\n",
       "      <th>Low</th>\n",
       "      <th>Close</th>\n",
       "      <th>Year</th>\n",
       "      <th>Month</th>\n",
       "      <th>Day</th>\n",
       "      <th>Quarter</th>\n",
       "    </tr>\n",
       "  </thead>\n",
       "  <tbody>\n",
       "    <tr>\n",
       "      <th>0</th>\n",
       "      <td>5,409.13</td>\n",
       "      <td>5,447.25</td>\n",
       "      <td>5,409.13</td>\n",
       "      <td>5,421.03</td>\n",
       "      <td>2024</td>\n",
       "      <td>6</td>\n",
       "      <td>12</td>\n",
       "      <td>Q2</td>\n",
       "    </tr>\n",
       "    <tr>\n",
       "      <th>1</th>\n",
       "      <td>5,353.00</td>\n",
       "      <td>5,375.95</td>\n",
       "      <td>5,327.25</td>\n",
       "      <td>5,375.32</td>\n",
       "      <td>2024</td>\n",
       "      <td>6</td>\n",
       "      <td>11</td>\n",
       "      <td>Q2</td>\n",
       "    </tr>\n",
       "    <tr>\n",
       "      <th>2</th>\n",
       "      <td>5,341.22</td>\n",
       "      <td>5,365.79</td>\n",
       "      <td>5,331.52</td>\n",
       "      <td>5,360.79</td>\n",
       "      <td>2024</td>\n",
       "      <td>6</td>\n",
       "      <td>10</td>\n",
       "      <td>Q2</td>\n",
       "    </tr>\n",
       "    <tr>\n",
       "      <th>3</th>\n",
       "      <td>5,343.81</td>\n",
       "      <td>5,375.08</td>\n",
       "      <td>5,331.33</td>\n",
       "      <td>5,346.99</td>\n",
       "      <td>2024</td>\n",
       "      <td>6</td>\n",
       "      <td>7</td>\n",
       "      <td>Q2</td>\n",
       "    </tr>\n",
       "    <tr>\n",
       "      <th>4</th>\n",
       "      <td>5,357.80</td>\n",
       "      <td>5,362.35</td>\n",
       "      <td>5,335.36</td>\n",
       "      <td>5,352.96</td>\n",
       "      <td>2024</td>\n",
       "      <td>6</td>\n",
       "      <td>6</td>\n",
       "      <td>Q2</td>\n",
       "    </tr>\n",
       "    <tr>\n",
       "      <th>...</th>\n",
       "      <td>...</td>\n",
       "      <td>...</td>\n",
       "      <td>...</td>\n",
       "      <td>...</td>\n",
       "      <td>...</td>\n",
       "      <td>...</td>\n",
       "      <td>...</td>\n",
       "      <td>...</td>\n",
       "    </tr>\n",
       "    <tr>\n",
       "      <th>248</th>\n",
       "      <td>4,442.70</td>\n",
       "      <td>4,448.47</td>\n",
       "      <td>4,407.44</td>\n",
       "      <td>4,409.59</td>\n",
       "      <td>2023</td>\n",
       "      <td>6</td>\n",
       "      <td>16</td>\n",
       "      <td>Q2</td>\n",
       "    </tr>\n",
       "    <tr>\n",
       "      <th>249</th>\n",
       "      <td>4,365.33</td>\n",
       "      <td>4,439.20</td>\n",
       "      <td>4,362.60</td>\n",
       "      <td>4,425.84</td>\n",
       "      <td>2023</td>\n",
       "      <td>6</td>\n",
       "      <td>15</td>\n",
       "      <td>Q2</td>\n",
       "    </tr>\n",
       "    <tr>\n",
       "      <th>250</th>\n",
       "      <td>4,366.29</td>\n",
       "      <td>4,391.82</td>\n",
       "      <td>4,337.85</td>\n",
       "      <td>4,372.59</td>\n",
       "      <td>2023</td>\n",
       "      <td>6</td>\n",
       "      <td>14</td>\n",
       "      <td>Q2</td>\n",
       "    </tr>\n",
       "    <tr>\n",
       "      <th>251</th>\n",
       "      <td>4,352.61</td>\n",
       "      <td>4,375.37</td>\n",
       "      <td>4,349.31</td>\n",
       "      <td>4,369.01</td>\n",
       "      <td>2023</td>\n",
       "      <td>6</td>\n",
       "      <td>13</td>\n",
       "      <td>Q2</td>\n",
       "    </tr>\n",
       "    <tr>\n",
       "      <th>252</th>\n",
       "      <td>4,308.32</td>\n",
       "      <td>4,340.13</td>\n",
       "      <td>4,304.37</td>\n",
       "      <td>4,338.93</td>\n",
       "      <td>2023</td>\n",
       "      <td>6</td>\n",
       "      <td>12</td>\n",
       "      <td>Q2</td>\n",
       "    </tr>\n",
       "  </tbody>\n",
       "</table>\n",
       "<p>253 rows × 8 columns</p>\n",
       "</div>"
      ],
      "text/plain": [
       "         Open      High       Low     Close  Year  Month  Day Quarter\n",
       "0    5,409.13  5,447.25  5,409.13  5,421.03  2024      6   12      Q2\n",
       "1    5,353.00  5,375.95  5,327.25  5,375.32  2024      6   11      Q2\n",
       "2    5,341.22  5,365.79  5,331.52  5,360.79  2024      6   10      Q2\n",
       "3    5,343.81  5,375.08  5,331.33  5,346.99  2024      6    7      Q2\n",
       "4    5,357.80  5,362.35  5,335.36  5,352.96  2024      6    6      Q2\n",
       "..        ...       ...       ...       ...   ...    ...  ...     ...\n",
       "248  4,442.70  4,448.47  4,407.44  4,409.59  2023      6   16      Q2\n",
       "249  4,365.33  4,439.20  4,362.60  4,425.84  2023      6   15      Q2\n",
       "250  4,366.29  4,391.82  4,337.85  4,372.59  2023      6   14      Q2\n",
       "251  4,352.61  4,375.37  4,349.31  4,369.01  2023      6   13      Q2\n",
       "252  4,308.32  4,340.13  4,304.37  4,338.93  2023      6   12      Q2\n",
       "\n",
       "[253 rows x 8 columns]"
      ]
     },
     "execution_count": 7,
     "metadata": {},
     "output_type": "execute_result"
    }
   ],
   "source": [
    "bins   = [0, 3, 6, 8, 12]\n",
    "labels = [\"Q1\", \"Q2\", \"Q3\", \"Q4\"]\n",
    "sp500[\"Quarter\"] = pd.cut(sp500[\"Month\"], bins=bins, labels=labels, right=True)\n",
    "sp500"
   ]
  },
  {
   "cell_type": "code",
   "execution_count": 8,
   "metadata": {},
   "outputs": [
    {
     "data": {
      "text/plain": [
       "WindowsPath('d:/ANNACONDA/projects/interest_rate_prediction/notebooks/data_cleaning/market_indicators/stock_market_indices/../../../../data')"
      ]
     },
     "execution_count": 8,
     "metadata": {},
     "output_type": "execute_result"
    }
   ],
   "source": [
    "path = Path(Path.cwd()/\"../../../../data\")\n",
    "path"
   ]
  },
  {
   "cell_type": "code",
   "execution_count": 9,
   "metadata": {},
   "outputs": [],
   "source": [
    "data_folder = path/'parquet/sp500'\n",
    "data_folder.mkdir(parents=True, exist_ok=True)"
   ]
  },
  {
   "cell_type": "code",
   "execution_count": 10,
   "metadata": {},
   "outputs": [],
   "source": [
    "sp500.to_parquet(data_folder/\"sp500.parquet\")"
   ]
  }
 ],
 "metadata": {
  "kernelspec": {
   "display_name": "tf",
   "language": "python",
   "name": "python3"
  },
  "language_info": {
   "codemirror_mode": {
    "name": "ipython",
    "version": 3
   },
   "file_extension": ".py",
   "mimetype": "text/x-python",
   "name": "python",
   "nbconvert_exporter": "python",
   "pygments_lexer": "ipython3",
   "version": "3.9.19"
  }
 },
 "nbformat": 4,
 "nbformat_minor": 2
}
