{
 "cells": [
  {
   "cell_type": "code",
   "execution_count": 1,
   "metadata": {},
   "outputs": [
    {
     "name": "stdout",
     "output_type": "stream",
     "text": [
      "d:\\ANNACONDA\\projects\\interest_rate_prediction\\notebooks\\data_cleaning\\market_indicators\\..\\..\\..\\src\n"
     ]
    }
   ],
   "source": [
    "import pandas as pd\n",
    "import joblib\n",
    "from pathlib import Path\n",
    "import os\n",
    "import sys\n",
    "import time\n",
    "notebook_dir = os.path.dirname(os.path.abspath(''))\n",
    "src_path = os.path.join(notebook_dir, '..\\..\\..\\src')\n",
    "sys.path.append(src_path)\n",
    "print(src_path)"
   ]
  },
  {
   "cell_type": "code",
   "execution_count": 2,
   "metadata": {},
   "outputs": [
    {
     "data": {
      "text/plain": [
       "'d:\\\\ANNACONDA\\\\projects\\\\interest_rate_prediction\\\\notebooks\\\\data_cleaning\\\\market_indicators\\\\commodity_prices'"
      ]
     },
     "execution_count": 2,
     "metadata": {},
     "output_type": "execute_result"
    }
   ],
   "source": [
    "os.getcwd()"
   ]
  },
  {
   "cell_type": "code",
   "execution_count": 3,
   "metadata": {},
   "outputs": [],
   "source": [
    "from config import CSV_DATA_PATH"
   ]
  },
  {
   "cell_type": "code",
   "execution_count": 4,
   "metadata": {},
   "outputs": [
    {
     "data": {
      "text/html": [
       "<div>\n",
       "<style scoped>\n",
       "    .dataframe tbody tr th:only-of-type {\n",
       "        vertical-align: middle;\n",
       "    }\n",
       "\n",
       "    .dataframe tbody tr th {\n",
       "        vertical-align: top;\n",
       "    }\n",
       "\n",
       "    .dataframe thead th {\n",
       "        text-align: right;\n",
       "    }\n",
       "</style>\n",
       "<table border=\"1\" class=\"dataframe\">\n",
       "  <thead>\n",
       "    <tr style=\"text-align: right;\">\n",
       "      <th></th>\n",
       "      <th>Date</th>\n",
       "      <th>Close/Last</th>\n",
       "      <th>Volume</th>\n",
       "      <th>Open</th>\n",
       "      <th>High</th>\n",
       "      <th>Low</th>\n",
       "    </tr>\n",
       "  </thead>\n",
       "  <tbody>\n",
       "    <tr>\n",
       "      <th>0</th>\n",
       "      <td>06/13/2024</td>\n",
       "      <td>2318.0</td>\n",
       "      <td>177184.0</td>\n",
       "      <td>2340.9</td>\n",
       "      <td>2342.4</td>\n",
       "      <td>2310.9</td>\n",
       "    </tr>\n",
       "    <tr>\n",
       "      <th>1</th>\n",
       "      <td>06/12/2024</td>\n",
       "      <td>2354.8</td>\n",
       "      <td>232497.0</td>\n",
       "      <td>2334.0</td>\n",
       "      <td>2358.8</td>\n",
       "      <td>2327.2</td>\n",
       "    </tr>\n",
       "    <tr>\n",
       "      <th>2</th>\n",
       "      <td>06/11/2024</td>\n",
       "      <td>2326.6</td>\n",
       "      <td>142203.0</td>\n",
       "      <td>2329.5</td>\n",
       "      <td>2337.3</td>\n",
       "      <td>2314.5</td>\n",
       "    </tr>\n",
       "    <tr>\n",
       "      <th>3</th>\n",
       "      <td>06/10/2024</td>\n",
       "      <td>2327.0</td>\n",
       "      <td>137332.0</td>\n",
       "      <td>2311.0</td>\n",
       "      <td>2331.3</td>\n",
       "      <td>2304.5</td>\n",
       "    </tr>\n",
       "    <tr>\n",
       "      <th>4</th>\n",
       "      <td>06/07/2024</td>\n",
       "      <td>2325.0</td>\n",
       "      <td>299274.0</td>\n",
       "      <td>2395.7</td>\n",
       "      <td>2406.7</td>\n",
       "      <td>2304.2</td>\n",
       "    </tr>\n",
       "    <tr>\n",
       "      <th>...</th>\n",
       "      <td>...</td>\n",
       "      <td>...</td>\n",
       "      <td>...</td>\n",
       "      <td>...</td>\n",
       "      <td>...</td>\n",
       "      <td>...</td>\n",
       "    </tr>\n",
       "    <tr>\n",
       "      <th>2526</th>\n",
       "      <td>06/20/2014</td>\n",
       "      <td>1316.6</td>\n",
       "      <td>152257.0</td>\n",
       "      <td>1320.3</td>\n",
       "      <td>1322.5</td>\n",
       "      <td>1307.1</td>\n",
       "    </tr>\n",
       "    <tr>\n",
       "      <th>2527</th>\n",
       "      <td>06/19/2014</td>\n",
       "      <td>1314.1</td>\n",
       "      <td>224721.0</td>\n",
       "      <td>1278.2</td>\n",
       "      <td>1322.0</td>\n",
       "      <td>1276.2</td>\n",
       "    </tr>\n",
       "    <tr>\n",
       "      <th>2528</th>\n",
       "      <td>06/18/2014</td>\n",
       "      <td>1272.7</td>\n",
       "      <td>85688.0</td>\n",
       "      <td>1272.1</td>\n",
       "      <td>1279.2</td>\n",
       "      <td>1266.5</td>\n",
       "    </tr>\n",
       "    <tr>\n",
       "      <th>2529</th>\n",
       "      <td>06/17/2014</td>\n",
       "      <td>1272.0</td>\n",
       "      <td>108934.0</td>\n",
       "      <td>1271.8</td>\n",
       "      <td>1273.5</td>\n",
       "      <td>1258.0</td>\n",
       "    </tr>\n",
       "    <tr>\n",
       "      <th>2530</th>\n",
       "      <td>06/16/2014</td>\n",
       "      <td>1275.3</td>\n",
       "      <td>94811.0</td>\n",
       "      <td>1276.8</td>\n",
       "      <td>1285.1</td>\n",
       "      <td>1270.5</td>\n",
       "    </tr>\n",
       "  </tbody>\n",
       "</table>\n",
       "<p>2531 rows × 6 columns</p>\n",
       "</div>"
      ],
      "text/plain": [
       "            Date  Close/Last    Volume    Open    High     Low\n",
       "0     06/13/2024      2318.0  177184.0  2340.9  2342.4  2310.9\n",
       "1     06/12/2024      2354.8  232497.0  2334.0  2358.8  2327.2\n",
       "2     06/11/2024      2326.6  142203.0  2329.5  2337.3  2314.5\n",
       "3     06/10/2024      2327.0  137332.0  2311.0  2331.3  2304.5\n",
       "4     06/07/2024      2325.0  299274.0  2395.7  2406.7  2304.2\n",
       "...          ...         ...       ...     ...     ...     ...\n",
       "2526  06/20/2014      1316.6  152257.0  1320.3  1322.5  1307.1\n",
       "2527  06/19/2014      1314.1  224721.0  1278.2  1322.0  1276.2\n",
       "2528  06/18/2014      1272.7   85688.0  1272.1  1279.2  1266.5\n",
       "2529  06/17/2014      1272.0  108934.0  1271.8  1273.5  1258.0\n",
       "2530  06/16/2014      1275.3   94811.0  1276.8  1285.1  1270.5\n",
       "\n",
       "[2531 rows x 6 columns]"
      ]
     },
     "execution_count": 4,
     "metadata": {},
     "output_type": "execute_result"
    }
   ],
   "source": [
    "gold = pd.read_csv(f\"../../../{CSV_DATA_PATH}gold_commodity.csv\")\n",
    "gold"
   ]
  },
  {
   "cell_type": "code",
   "execution_count": 6,
   "metadata": {},
   "outputs": [],
   "source": [
    "gold[\"Date\"]  = pd.to_datetime(gold[\"Date\"], format=\"%m/%d/%Y\")\n",
    "gold[\"Year\"]  = gold[\"Date\"].dt.year\n",
    "gold[\"Month\"] = gold[\"Date\"].dt.month\n",
    "gold[\"Day\"]   = gold[\"Date\"].dt.day\n",
    "gold = gold.drop(\"Date\", axis=1)"
   ]
  },
  {
   "cell_type": "code",
   "execution_count": 7,
   "metadata": {},
   "outputs": [
    {
     "data": {
      "text/html": [
       "<div>\n",
       "<style scoped>\n",
       "    .dataframe tbody tr th:only-of-type {\n",
       "        vertical-align: middle;\n",
       "    }\n",
       "\n",
       "    .dataframe tbody tr th {\n",
       "        vertical-align: top;\n",
       "    }\n",
       "\n",
       "    .dataframe thead th {\n",
       "        text-align: right;\n",
       "    }\n",
       "</style>\n",
       "<table border=\"1\" class=\"dataframe\">\n",
       "  <thead>\n",
       "    <tr style=\"text-align: right;\">\n",
       "      <th></th>\n",
       "      <th>Close/Last</th>\n",
       "      <th>Volume</th>\n",
       "      <th>Open</th>\n",
       "      <th>High</th>\n",
       "      <th>Low</th>\n",
       "      <th>Year</th>\n",
       "      <th>Month</th>\n",
       "      <th>Day</th>\n",
       "    </tr>\n",
       "  </thead>\n",
       "  <tbody>\n",
       "    <tr>\n",
       "      <th>0</th>\n",
       "      <td>2318.0</td>\n",
       "      <td>177184.0</td>\n",
       "      <td>2340.9</td>\n",
       "      <td>2342.4</td>\n",
       "      <td>2310.9</td>\n",
       "      <td>2024</td>\n",
       "      <td>6</td>\n",
       "      <td>13</td>\n",
       "    </tr>\n",
       "    <tr>\n",
       "      <th>1</th>\n",
       "      <td>2354.8</td>\n",
       "      <td>232497.0</td>\n",
       "      <td>2334.0</td>\n",
       "      <td>2358.8</td>\n",
       "      <td>2327.2</td>\n",
       "      <td>2024</td>\n",
       "      <td>6</td>\n",
       "      <td>12</td>\n",
       "    </tr>\n",
       "    <tr>\n",
       "      <th>2</th>\n",
       "      <td>2326.6</td>\n",
       "      <td>142203.0</td>\n",
       "      <td>2329.5</td>\n",
       "      <td>2337.3</td>\n",
       "      <td>2314.5</td>\n",
       "      <td>2024</td>\n",
       "      <td>6</td>\n",
       "      <td>11</td>\n",
       "    </tr>\n",
       "    <tr>\n",
       "      <th>3</th>\n",
       "      <td>2327.0</td>\n",
       "      <td>137332.0</td>\n",
       "      <td>2311.0</td>\n",
       "      <td>2331.3</td>\n",
       "      <td>2304.5</td>\n",
       "      <td>2024</td>\n",
       "      <td>6</td>\n",
       "      <td>10</td>\n",
       "    </tr>\n",
       "    <tr>\n",
       "      <th>4</th>\n",
       "      <td>2325.0</td>\n",
       "      <td>299274.0</td>\n",
       "      <td>2395.7</td>\n",
       "      <td>2406.7</td>\n",
       "      <td>2304.2</td>\n",
       "      <td>2024</td>\n",
       "      <td>6</td>\n",
       "      <td>7</td>\n",
       "    </tr>\n",
       "    <tr>\n",
       "      <th>...</th>\n",
       "      <td>...</td>\n",
       "      <td>...</td>\n",
       "      <td>...</td>\n",
       "      <td>...</td>\n",
       "      <td>...</td>\n",
       "      <td>...</td>\n",
       "      <td>...</td>\n",
       "      <td>...</td>\n",
       "    </tr>\n",
       "    <tr>\n",
       "      <th>2526</th>\n",
       "      <td>1316.6</td>\n",
       "      <td>152257.0</td>\n",
       "      <td>1320.3</td>\n",
       "      <td>1322.5</td>\n",
       "      <td>1307.1</td>\n",
       "      <td>2014</td>\n",
       "      <td>6</td>\n",
       "      <td>20</td>\n",
       "    </tr>\n",
       "    <tr>\n",
       "      <th>2527</th>\n",
       "      <td>1314.1</td>\n",
       "      <td>224721.0</td>\n",
       "      <td>1278.2</td>\n",
       "      <td>1322.0</td>\n",
       "      <td>1276.2</td>\n",
       "      <td>2014</td>\n",
       "      <td>6</td>\n",
       "      <td>19</td>\n",
       "    </tr>\n",
       "    <tr>\n",
       "      <th>2528</th>\n",
       "      <td>1272.7</td>\n",
       "      <td>85688.0</td>\n",
       "      <td>1272.1</td>\n",
       "      <td>1279.2</td>\n",
       "      <td>1266.5</td>\n",
       "      <td>2014</td>\n",
       "      <td>6</td>\n",
       "      <td>18</td>\n",
       "    </tr>\n",
       "    <tr>\n",
       "      <th>2529</th>\n",
       "      <td>1272.0</td>\n",
       "      <td>108934.0</td>\n",
       "      <td>1271.8</td>\n",
       "      <td>1273.5</td>\n",
       "      <td>1258.0</td>\n",
       "      <td>2014</td>\n",
       "      <td>6</td>\n",
       "      <td>17</td>\n",
       "    </tr>\n",
       "    <tr>\n",
       "      <th>2530</th>\n",
       "      <td>1275.3</td>\n",
       "      <td>94811.0</td>\n",
       "      <td>1276.8</td>\n",
       "      <td>1285.1</td>\n",
       "      <td>1270.5</td>\n",
       "      <td>2014</td>\n",
       "      <td>6</td>\n",
       "      <td>16</td>\n",
       "    </tr>\n",
       "  </tbody>\n",
       "</table>\n",
       "<p>2531 rows × 8 columns</p>\n",
       "</div>"
      ],
      "text/plain": [
       "      Close/Last    Volume    Open    High     Low  Year  Month  Day\n",
       "0         2318.0  177184.0  2340.9  2342.4  2310.9  2024      6   13\n",
       "1         2354.8  232497.0  2334.0  2358.8  2327.2  2024      6   12\n",
       "2         2326.6  142203.0  2329.5  2337.3  2314.5  2024      6   11\n",
       "3         2327.0  137332.0  2311.0  2331.3  2304.5  2024      6   10\n",
       "4         2325.0  299274.0  2395.7  2406.7  2304.2  2024      6    7\n",
       "...          ...       ...     ...     ...     ...   ...    ...  ...\n",
       "2526      1316.6  152257.0  1320.3  1322.5  1307.1  2014      6   20\n",
       "2527      1314.1  224721.0  1278.2  1322.0  1276.2  2014      6   19\n",
       "2528      1272.7   85688.0  1272.1  1279.2  1266.5  2014      6   18\n",
       "2529      1272.0  108934.0  1271.8  1273.5  1258.0  2014      6   17\n",
       "2530      1275.3   94811.0  1276.8  1285.1  1270.5  2014      6   16\n",
       "\n",
       "[2531 rows x 8 columns]"
      ]
     },
     "execution_count": 7,
     "metadata": {},
     "output_type": "execute_result"
    }
   ],
   "source": [
    "gold"
   ]
  },
  {
   "cell_type": "code",
   "execution_count": 8,
   "metadata": {},
   "outputs": [
    {
     "data": {
      "text/html": [
       "<div>\n",
       "<style scoped>\n",
       "    .dataframe tbody tr th:only-of-type {\n",
       "        vertical-align: middle;\n",
       "    }\n",
       "\n",
       "    .dataframe tbody tr th {\n",
       "        vertical-align: top;\n",
       "    }\n",
       "\n",
       "    .dataframe thead th {\n",
       "        text-align: right;\n",
       "    }\n",
       "</style>\n",
       "<table border=\"1\" class=\"dataframe\">\n",
       "  <thead>\n",
       "    <tr style=\"text-align: right;\">\n",
       "      <th></th>\n",
       "      <th>Close/Last</th>\n",
       "      <th>Volume</th>\n",
       "      <th>Open</th>\n",
       "      <th>High</th>\n",
       "      <th>Low</th>\n",
       "      <th>Year</th>\n",
       "      <th>Month</th>\n",
       "      <th>Day</th>\n",
       "      <th>Quarter</th>\n",
       "    </tr>\n",
       "  </thead>\n",
       "  <tbody>\n",
       "    <tr>\n",
       "      <th>0</th>\n",
       "      <td>2318.0</td>\n",
       "      <td>177184.0</td>\n",
       "      <td>2340.9</td>\n",
       "      <td>2342.4</td>\n",
       "      <td>2310.9</td>\n",
       "      <td>2024</td>\n",
       "      <td>6</td>\n",
       "      <td>13</td>\n",
       "      <td>Q2</td>\n",
       "    </tr>\n",
       "    <tr>\n",
       "      <th>1</th>\n",
       "      <td>2354.8</td>\n",
       "      <td>232497.0</td>\n",
       "      <td>2334.0</td>\n",
       "      <td>2358.8</td>\n",
       "      <td>2327.2</td>\n",
       "      <td>2024</td>\n",
       "      <td>6</td>\n",
       "      <td>12</td>\n",
       "      <td>Q2</td>\n",
       "    </tr>\n",
       "    <tr>\n",
       "      <th>2</th>\n",
       "      <td>2326.6</td>\n",
       "      <td>142203.0</td>\n",
       "      <td>2329.5</td>\n",
       "      <td>2337.3</td>\n",
       "      <td>2314.5</td>\n",
       "      <td>2024</td>\n",
       "      <td>6</td>\n",
       "      <td>11</td>\n",
       "      <td>Q2</td>\n",
       "    </tr>\n",
       "    <tr>\n",
       "      <th>3</th>\n",
       "      <td>2327.0</td>\n",
       "      <td>137332.0</td>\n",
       "      <td>2311.0</td>\n",
       "      <td>2331.3</td>\n",
       "      <td>2304.5</td>\n",
       "      <td>2024</td>\n",
       "      <td>6</td>\n",
       "      <td>10</td>\n",
       "      <td>Q2</td>\n",
       "    </tr>\n",
       "    <tr>\n",
       "      <th>4</th>\n",
       "      <td>2325.0</td>\n",
       "      <td>299274.0</td>\n",
       "      <td>2395.7</td>\n",
       "      <td>2406.7</td>\n",
       "      <td>2304.2</td>\n",
       "      <td>2024</td>\n",
       "      <td>6</td>\n",
       "      <td>7</td>\n",
       "      <td>Q2</td>\n",
       "    </tr>\n",
       "    <tr>\n",
       "      <th>...</th>\n",
       "      <td>...</td>\n",
       "      <td>...</td>\n",
       "      <td>...</td>\n",
       "      <td>...</td>\n",
       "      <td>...</td>\n",
       "      <td>...</td>\n",
       "      <td>...</td>\n",
       "      <td>...</td>\n",
       "      <td>...</td>\n",
       "    </tr>\n",
       "    <tr>\n",
       "      <th>2526</th>\n",
       "      <td>1316.6</td>\n",
       "      <td>152257.0</td>\n",
       "      <td>1320.3</td>\n",
       "      <td>1322.5</td>\n",
       "      <td>1307.1</td>\n",
       "      <td>2014</td>\n",
       "      <td>6</td>\n",
       "      <td>20</td>\n",
       "      <td>Q2</td>\n",
       "    </tr>\n",
       "    <tr>\n",
       "      <th>2527</th>\n",
       "      <td>1314.1</td>\n",
       "      <td>224721.0</td>\n",
       "      <td>1278.2</td>\n",
       "      <td>1322.0</td>\n",
       "      <td>1276.2</td>\n",
       "      <td>2014</td>\n",
       "      <td>6</td>\n",
       "      <td>19</td>\n",
       "      <td>Q2</td>\n",
       "    </tr>\n",
       "    <tr>\n",
       "      <th>2528</th>\n",
       "      <td>1272.7</td>\n",
       "      <td>85688.0</td>\n",
       "      <td>1272.1</td>\n",
       "      <td>1279.2</td>\n",
       "      <td>1266.5</td>\n",
       "      <td>2014</td>\n",
       "      <td>6</td>\n",
       "      <td>18</td>\n",
       "      <td>Q2</td>\n",
       "    </tr>\n",
       "    <tr>\n",
       "      <th>2529</th>\n",
       "      <td>1272.0</td>\n",
       "      <td>108934.0</td>\n",
       "      <td>1271.8</td>\n",
       "      <td>1273.5</td>\n",
       "      <td>1258.0</td>\n",
       "      <td>2014</td>\n",
       "      <td>6</td>\n",
       "      <td>17</td>\n",
       "      <td>Q2</td>\n",
       "    </tr>\n",
       "    <tr>\n",
       "      <th>2530</th>\n",
       "      <td>1275.3</td>\n",
       "      <td>94811.0</td>\n",
       "      <td>1276.8</td>\n",
       "      <td>1285.1</td>\n",
       "      <td>1270.5</td>\n",
       "      <td>2014</td>\n",
       "      <td>6</td>\n",
       "      <td>16</td>\n",
       "      <td>Q2</td>\n",
       "    </tr>\n",
       "  </tbody>\n",
       "</table>\n",
       "<p>2531 rows × 9 columns</p>\n",
       "</div>"
      ],
      "text/plain": [
       "      Close/Last    Volume    Open    High     Low  Year  Month  Day Quarter\n",
       "0         2318.0  177184.0  2340.9  2342.4  2310.9  2024      6   13      Q2\n",
       "1         2354.8  232497.0  2334.0  2358.8  2327.2  2024      6   12      Q2\n",
       "2         2326.6  142203.0  2329.5  2337.3  2314.5  2024      6   11      Q2\n",
       "3         2327.0  137332.0  2311.0  2331.3  2304.5  2024      6   10      Q2\n",
       "4         2325.0  299274.0  2395.7  2406.7  2304.2  2024      6    7      Q2\n",
       "...          ...       ...     ...     ...     ...   ...    ...  ...     ...\n",
       "2526      1316.6  152257.0  1320.3  1322.5  1307.1  2014      6   20      Q2\n",
       "2527      1314.1  224721.0  1278.2  1322.0  1276.2  2014      6   19      Q2\n",
       "2528      1272.7   85688.0  1272.1  1279.2  1266.5  2014      6   18      Q2\n",
       "2529      1272.0  108934.0  1271.8  1273.5  1258.0  2014      6   17      Q2\n",
       "2530      1275.3   94811.0  1276.8  1285.1  1270.5  2014      6   16      Q2\n",
       "\n",
       "[2531 rows x 9 columns]"
      ]
     },
     "execution_count": 8,
     "metadata": {},
     "output_type": "execute_result"
    }
   ],
   "source": [
    "bins   = [0, 3, 6, 8, 12]\n",
    "labels = [\"Q1\", \"Q2\", \"Q3\", \"Q4\"]\n",
    "gold[\"Quarter\"] = pd.cut(gold[\"Month\"], bins=bins, labels=labels, right=True)\n",
    "gold"
   ]
  },
  {
   "cell_type": "code",
   "execution_count": 9,
   "metadata": {},
   "outputs": [
    {
     "data": {
      "text/plain": [
       "WindowsPath('d:/ANNACONDA/projects/interest_rate_prediction/notebooks/data_cleaning/market_indicators/commodity_prices/../../../../data')"
      ]
     },
     "execution_count": 9,
     "metadata": {},
     "output_type": "execute_result"
    }
   ],
   "source": [
    "path = Path(Path.cwd()/\"../../../../data\")\n",
    "path"
   ]
  },
  {
   "cell_type": "code",
   "execution_count": 10,
   "metadata": {},
   "outputs": [],
   "source": [
    "data_folder = path/'parquet/commodity/gold'\n",
    "data_folder.mkdir(parents=True, exist_ok=True)"
   ]
  },
  {
   "cell_type": "code",
   "execution_count": 11,
   "metadata": {},
   "outputs": [],
   "source": [
    "gold.to_parquet(data_folder/\"gold_commodity.parquet\")"
   ]
  }
 ],
 "metadata": {
  "kernelspec": {
   "display_name": "tf",
   "language": "python",
   "name": "python3"
  },
  "language_info": {
   "codemirror_mode": {
    "name": "ipython",
    "version": 3
   },
   "file_extension": ".py",
   "mimetype": "text/x-python",
   "name": "python",
   "nbconvert_exporter": "python",
   "pygments_lexer": "ipython3",
   "version": "3.9.19"
  }
 },
 "nbformat": 4,
 "nbformat_minor": 2
}
